Problem:    ex1
Rows:       61
Columns:    156 (12 integer, 12 binary)
Non-zeros:  600
Status:     INTEGER OPTIMAL
Objective:  cost = 87935.25373 (MINimum)

   No.   Row name        Activity     Lower bound   Upper bound
------ ------------    ------------- ------------- -------------
     1 Flow[1,1,2]                83            83             = 
     2 Flow[1,1,3]               112           112             = 
     3 Flow[1,1,4]               358           358             = 
     4 Flow[1,2,1]              -102          -102             = 
     5 Flow[1,2,3]                 0            -0             = 
     6 Flow[1,2,4]                 0            -0             = 
     7 Flow[1,3,1]               -24           -24             = 
     8 Flow[1,3,2]                 0            -0             = 
     9 Flow[1,3,4]                 0            -0             = 
    10 Flow[1,4,1]               -37           -37             = 
    11 Flow[1,4,2]                 0            -0             = 
    12 Flow[1,4,3]                 0            -0             = 
    13 Flow[2,1,2]               -83           -83             = 
    14 Flow[2,1,3]                 0            -0             = 
    15 Flow[2,1,4]                 0            -0             = 
    16 Flow[2,2,1]               102           102             = 
    17 Flow[2,2,3]               193           193             = 
    18 Flow[2,2,4]               243           243             = 
    19 Flow[2,3,1]                 0            -0             = 
    20 Flow[2,3,2]              -178          -178             = 
    21 Flow[2,3,4]                 0            -0             = 
    22 Flow[2,4,1]                 0            -0             = 
    23 Flow[2,4,2]              -352          -352             = 
    24 Flow[2,4,3]                 0            -0             = 
    25 Flow[3,1,2]                 0            -0             = 
    26 Flow[3,1,3]              -112          -112             = 
    27 Flow[3,1,4]                 0            -0             = 
    28 Flow[3,2,1]                 0            -0             = 
    29 Flow[3,2,3]              -193          -193             = 
    30 Flow[3,2,4]                 0            -0             = 
    31 Flow[3,3,1]                24            24             = 
    32 Flow[3,3,2]               178           178             = 
    33 Flow[3,3,4]               218           218             = 
    34 Flow[3,4,1]                 0            -0             = 
    35 Flow[3,4,2]                 0            -0             = 
    36 Flow[3,4,3]              -428          -428             = 
    37 Flow[4,1,2]                 0            -0             = 
    38 Flow[4,1,3]                 0            -0             = 
    39 Flow[4,1,4]              -358          -358             = 
    40 Flow[4,2,1]                 0            -0             = 
    41 Flow[4,2,3]                 0            -0             = 
    42 Flow[4,2,4]              -243          -243             = 
    43 Flow[4,3,1]                 0            -0             = 
    44 Flow[4,3,2]                 0            -0             = 
    45 Flow[4,3,4]              -218          -218             = 
    46 Flow[4,4,1]                37            37             = 
    47 Flow[4,4,2]               352           352             = 
    48 Flow[4,4,3]               428           428             = 
    49 Capacity[1,2]
                                   0                          -0 
    50 Capacity[1,3]
                                   0                          -0 
    51 Capacity[1,4]
                                -447                          -0 
    52 Capacity[2,1]
                                   0                          -0 
    53 Capacity[2,3]
                                -267                          -0 
    54 Capacity[2,4]
                                -413                          -0 
    55 Capacity[3,1]
                                   0                          -0 
    56 Capacity[3,2]
                                -580                          -0 
    57 Capacity[3,4]
                                   0                          -0 
    58 Capacity[4,1]
                                -837                          -0 
    59 Capacity[4,2]
                                 -25                          -0 
    60 Capacity[4,3]
                                   0                          -0 
    61 cost                  87935.3                             

   No. Column name       Activity     Lower bound   Upper bound
------ ------------    ------------- ------------- -------------
     1 y[1,2]       *              0             0             1 
     2 y[1,3]       *              0             0             1 
     3 y[1,4]       *              1             0             1 
     4 y[2,1]       *              0             0             1 
     5 y[2,3]       *              1             0             1 
     6 y[2,4]       *              1             0             1 
     7 y[3,1]       *              0             0             1 
     8 y[3,2]       *              1             0             1 
     9 y[3,4]       *              0             0             1 
    10 y[4,1]       *              1             0             1 
    11 y[4,2]       *              1             0             1 
    12 y[4,3]       *              0             0             1 
    13 x[2,1,1,2]                  0             0               
    14 x[3,1,1,2]                  0             0               
    15 x[4,1,1,2]                  0             0               
    16 x[1,2,1,2]                  0             0               
    17 x[1,3,1,2]                  0             0               
    18 x[1,4,1,2]                 83             0               
    19 x[2,1,1,3]                  0             0               
    20 x[3,1,1,3]                  0             0               
    21 x[4,1,1,3]                  0             0               
    22 x[1,2,1,3]                  0             0               
    23 x[1,3,1,3]                  0             0               
    24 x[1,4,1,3]                112             0               
    25 x[2,1,1,4]                  0             0               
    26 x[3,1,1,4]                  0             0               
    27 x[4,1,1,4]                  0             0               
    28 x[1,2,1,4]                  0             0               
    29 x[1,3,1,4]                  0             0               
    30 x[1,4,1,4]                358             0               
    31 x[2,1,2,1]                  0             0               
    32 x[3,1,2,1]                  0             0               
    33 x[4,1,2,1]                102             0               
    34 x[1,2,2,1]                  0             0               
    35 x[1,3,2,1]                  0             0               
    36 x[1,4,2,1]                  0             0               
    37 x[2,1,2,3]                  0             0               
    38 x[3,1,2,3]                  0             0               
    39 x[4,1,2,3]                  0             0               
    40 x[1,2,2,3]                  0             0               
    41 x[1,3,2,3]                  0             0               
    42 x[1,4,2,3]                  0             0               
    43 x[2,1,2,4]                  0             0               
    44 x[3,1,2,4]                  0             0               
    45 x[4,1,2,4]                  0             0               
    46 x[1,2,2,4]                  0             0               
    47 x[1,3,2,4]                  0             0               
    48 x[1,4,2,4]                  0             0               
    49 x[2,1,3,1]                  0             0               
    50 x[3,1,3,1]                  0             0               
    51 x[4,1,3,1]                 24             0               
    52 x[1,2,3,1]                  0             0               
    53 x[1,3,3,1]                  0             0               
    54 x[1,4,3,1]                  0             0               
    55 x[2,1,3,2]                  0             0               
    56 x[3,1,3,2]                  0             0               
    57 x[4,1,3,2]                  0             0               
    58 x[1,2,3,2]                  0             0               
    59 x[1,3,3,2]                  0             0               
    60 x[1,4,3,2]                  0             0               
    61 x[2,1,3,4]                  0             0               
    62 x[3,1,3,4]                  0             0               
    63 x[4,1,3,4]                  0             0               
    64 x[1,2,3,4]                  0             0               
    65 x[1,3,3,4]                  0             0               
    66 x[1,4,3,4]                  0             0               
    67 x[2,1,4,1]                  0             0               
    68 x[3,1,4,1]                  0             0               
    69 x[4,1,4,1]                 37             0               
    70 x[1,2,4,1]                  0             0               
    71 x[1,3,4,1]                  0             0               
    72 x[1,4,4,1]                  0             0               
    73 x[2,1,4,2]                  0             0               
    74 x[3,1,4,2]                  0             0               
    75 x[4,1,4,2]                  0             0               
    76 x[1,2,4,2]                  0             0               
    77 x[1,3,4,2]                  0             0               
    78 x[1,4,4,2]                  0             0               
    79 x[2,1,4,3]                  0             0               
    80 x[3,1,4,3]                  0             0               
    81 x[4,1,4,3]                  0             0               
    82 x[1,2,4,3]                  0             0               
    83 x[1,3,4,3]                  0             0               
    84 x[1,4,4,3]                  0             0               
    85 x[3,2,1,2]                  0             0               
    86 x[4,2,1,2]                 83             0               
    87 x[2,3,1,2]                  0             0               
    88 x[2,4,1,2]                  0             0               
    89 x[3,2,1,3]                  0             0               
    90 x[4,2,1,3]                112             0               
    91 x[2,3,1,3]                112             0               
    92 x[2,4,1,3]                  0             0               
    93 x[3,2,1,4]                  0             0               
    94 x[4,2,1,4]                  0             0               
    95 x[2,3,1,4]                  0             0               
    96 x[2,4,1,4]                  0             0               
    97 x[3,2,2,1]                  0             0               
    98 x[4,2,2,1]                  0             0               
    99 x[2,3,2,1]                  0             0               
   100 x[2,4,2,1]                102             0               
   101 x[3,2,2,3]                  0             0               
   102 x[4,2,2,3]                  0             0               
   103 x[2,3,2,3]                193             0               
   104 x[2,4,2,3]                  0             0               
   105 x[3,2,2,4]                  0             0               
   106 x[4,2,2,4]                  0             0               
   107 x[2,3,2,4]                  0             0               
   108 x[2,4,2,4]                243             0               
   109 x[3,2,3,1]                 24             0               
   110 x[4,2,3,1]                  0             0               
   111 x[2,3,3,1]                  0             0               
   112 x[2,4,3,1]                 24             0               
   113 x[3,2,3,2]                178             0               
   114 x[4,2,3,2]                  0             0               
   115 x[2,3,3,2]                  0             0               
   116 x[2,4,3,2]                  0             0               
   117 x[3,2,3,4]                218             0               
   118 x[4,2,3,4]                  0             0               
   119 x[2,3,3,4]                  0             0               
   120 x[2,4,3,4]                218             0               
   121 x[3,2,4,1]                  0             0               
   122 x[4,2,4,1]                  0             0               
   123 x[2,3,4,1]                  0             0               
   124 x[2,4,4,1]                  0             0               
   125 x[3,2,4,2]                  0             0               
   126 x[4,2,4,2]                352             0               
   127 x[2,3,4,2]                  0             0               
   128 x[2,4,4,2]                  0             0               
   129 x[3,2,4,3]                  0             0               
   130 x[4,2,4,3]                428             0               
   131 x[2,3,4,3]                428             0               
   132 x[2,4,4,3]                  0             0               
   133 x[4,3,1,2]                  0             0               
   134 x[3,4,1,2]                  0             0               
   135 x[4,3,1,3]                  0             0               
   136 x[3,4,1,3]                  0             0               
   137 x[4,3,1,4]                  0             0               
   138 x[3,4,1,4]                  0             0               
   139 x[4,3,2,1]                  0             0               
   140 x[3,4,2,1]                  0             0               
   141 x[4,3,2,3]                  0             0               
   142 x[3,4,2,3]                  0             0               
   143 x[4,3,2,4]                  0             0               
   144 x[3,4,2,4]                  0             0               
   145 x[4,3,3,1]                  0             0               
   146 x[3,4,3,1]                  0             0               
   147 x[4,3,3,2]                  0             0               
   148 x[3,4,3,2]                  0             0               
   149 x[4,3,3,4]                  0             0               
   150 x[3,4,3,4]                  0             0               
   151 x[4,3,4,1]                  0             0               
   152 x[3,4,4,1]                  0             0               
   153 x[4,3,4,2]                  0             0               
   154 x[3,4,4,2]                  0             0               
   155 x[4,3,4,3]                  0             0               
   156 x[3,4,4,3]                  0             0               

Integer feasibility conditions:

KKT.PE: max.abs.err = 0.00e+00 on row 0
        max.rel.err = 0.00e+00 on row 0
        High quality

KKT.PB: max.abs.err = 0.00e+00 on row 0
        max.rel.err = 0.00e+00 on row 0
        High quality

End of output
