Problem:    ex1
Rows:       121
Columns:    420 (20 integer, 20 binary)
Non-zeros:  1640
Status:     INTEGER OPTIMAL
Objective:  cost = 212420.0574 (MINimum)

   No.   Row name        Activity     Lower bound   Upper bound
------ ------------    ------------- ------------- -------------
     1 Flow[1,1,2]                83            83             = 
     2 Flow[1,1,3]               112           112             = 
     3 Flow[1,1,4]               358           358             = 
     4 Flow[1,1,5]                24            24             = 
     5 Flow[1,2,1]              -102          -102             = 
     6 Flow[1,2,3]                 0            -0             = 
     7 Flow[1,2,4]                 0            -0             = 
     8 Flow[1,2,5]                 0            -0             = 
     9 Flow[1,3,1]               -24           -24             = 
    10 Flow[1,3,2]                 0            -0             = 
    11 Flow[1,3,4]                 0            -0             = 
    12 Flow[1,3,5]                 0            -0             = 
    13 Flow[1,4,1]               -37           -37             = 
    14 Flow[1,4,2]                 0            -0             = 
    15 Flow[1,4,3]                 0            -0             = 
    16 Flow[1,4,5]                 0            -0             = 
    17 Flow[1,5,1]               -75           -75             = 
    18 Flow[1,5,2]                 0            -0             = 
    19 Flow[1,5,3]                 0            -0             = 
    20 Flow[1,5,4]                 0            -0             = 
    21 Flow[2,1,2]               -83           -83             = 
    22 Flow[2,1,3]                 0            -0             = 
    23 Flow[2,1,4]                 0            -0             = 
    24 Flow[2,1,5]                 0            -0             = 
    25 Flow[2,2,1]               102           102             = 
    26 Flow[2,2,3]               193           193             = 
    27 Flow[2,2,4]               243           243             = 
    28 Flow[2,2,5]               141           141             = 
    29 Flow[2,3,1]                 0            -0             = 
    30 Flow[2,3,2]              -178          -178             = 
    31 Flow[2,3,4]                 0            -0             = 
    32 Flow[2,3,5]                 0            -0             = 
    33 Flow[2,4,1]                 0            -0             = 
    34 Flow[2,4,2]              -352          -352             = 
    35 Flow[2,4,3]                 0            -0             = 
    36 Flow[2,4,5]                 0            -0             = 
    37 Flow[2,5,1]                 0            -0             = 
    38 Flow[2,5,2]              -215          -215             = 
    39 Flow[2,5,3]                 0            -0             = 
    40 Flow[2,5,4]                 0            -0             = 
    41 Flow[3,1,2]                 0            -0             = 
    42 Flow[3,1,3]              -112          -112             = 
    43 Flow[3,1,4]                 0            -0             = 
    44 Flow[3,1,5]                 0            -0             = 
    45 Flow[3,2,1]                 0            -0             = 
    46 Flow[3,2,3]              -193          -193             = 
    47 Flow[3,2,4]                 0            -0             = 
    48 Flow[3,2,5]                 0            -0             = 
    49 Flow[3,3,1]                24            24             = 
    50 Flow[3,3,2]               178           178             = 
    51 Flow[3,3,4]               218           218             = 
    52 Flow[3,3,5]               142           142             = 
    53 Flow[3,4,1]                 0            -0             = 
    54 Flow[3,4,2]                 0            -0             = 
    55 Flow[3,4,3]              -428          -428             = 
    56 Flow[3,4,5]                 0            -0             = 
    57 Flow[3,5,1]                 0            -0             = 
    58 Flow[3,5,2]                 0            -0             = 
    59 Flow[3,5,3]              -164          -164             = 
    60 Flow[3,5,4]                 0            -0             = 
    61 Flow[4,1,2]                 0            -0             = 
    62 Flow[4,1,3]                 0            -0             = 
    63 Flow[4,1,4]              -358          -358             = 
    64 Flow[4,1,5]                 0            -0             = 
    65 Flow[4,2,1]                 0            -0             = 
    66 Flow[4,2,3]                 0            -0             = 
    67 Flow[4,2,4]              -243          -243             = 
    68 Flow[4,2,5]                 0            -0             = 
    69 Flow[4,3,1]                 0            -0             = 
    70 Flow[4,3,2]                 0            -0             = 
    71 Flow[4,3,4]              -218          -218             = 
    72 Flow[4,3,5]                 0            -0             = 
    73 Flow[4,4,1]                37            37             = 
    74 Flow[4,4,2]               352           352             = 
    75 Flow[4,4,3]               428           428             = 
    76 Flow[4,4,5]               247           247             = 
    77 Flow[4,5,1]                 0            -0             = 
    78 Flow[4,5,2]                 0            -0             = 
    79 Flow[4,5,3]                 0            -0             = 
    80 Flow[4,5,4]              -859          -859             = 
    81 Flow[5,1,2]                 0            -0             = 
    82 Flow[5,1,3]                 0            -0             = 
    83 Flow[5,1,4]                 0            -0             = 
    84 Flow[5,1,5]               -24           -24             = 
    85 Flow[5,2,1]                 0            -0             = 
    86 Flow[5,2,3]                 0            -0             = 
    87 Flow[5,2,4]                 0            -0             = 
    88 Flow[5,2,5]              -141          -141             = 
    89 Flow[5,3,1]                 0            -0             = 
    90 Flow[5,3,2]                 0            -0             = 
    91 Flow[5,3,4]                 0            -0             = 
    92 Flow[5,3,5]              -142          -142             = 
    93 Flow[5,4,1]                 0            -0             = 
    94 Flow[5,4,2]                 0            -0             = 
    95 Flow[5,4,3]                 0            -0             = 
    96 Flow[5,4,5]              -247          -247             = 
    97 Flow[5,5,1]                75            75             = 
    98 Flow[5,5,2]               215           215             = 
    99 Flow[5,5,3]               164           164             = 
   100 Flow[5,5,4]               859           859             = 
   101 Capacity[1,2]
                                   0                          -0 
   102 Capacity[1,3]
                                   0                          -0 
   103 Capacity[1,4]
                                -447                          -0 
   104 Capacity[1,5]
                                -976                          -0 
   105 Capacity[2,1]
                                   0                          -0 
   106 Capacity[2,3]
                                -103                          -0 
   107 Capacity[2,4]
                                -413                          -0 
   108 Capacity[2,5]
                                -717                          -0 
   109 Capacity[3,1]
                                   0                          -0 
   110 Capacity[3,2]
                                -438                          -0 
   111 Capacity[3,4]
                                   0                          -0 
   112 Capacity[3,5]
                                   0                          -0 
   113 Capacity[4,1]
                                -837                          -0 
   114 Capacity[4,2]
                                 -25                          -0 
   115 Capacity[4,3]
                                   0                          -0 
   116 Capacity[4,5]
                                -753                          -0 
   117 Capacity[5,1]
                                -925                          -0 
   118 Capacity[5,2]
                                -621                          -0 
   119 Capacity[5,3]
                                   0                          -0 
   120 Capacity[5,4]
                                -141                          -0 
   121 cost                   212420                             

   No. Column name       Activity     Lower bound   Upper bound
------ ------------    ------------- ------------- -------------
     1 y[1,2]       *              0             0             1 
     2 y[1,3]       *              0             0             1 
     3 y[1,4]       *              1             0             1 
     4 y[1,5]       *              1             0             1 
     5 y[2,1]       *              0             0             1 
     6 y[2,3]       *              1             0             1 
     7 y[2,4]       *              1             0             1 
     8 y[2,5]       *              1             0             1 
     9 y[3,1]       *              0             0             1 
    10 y[3,2]       *              1             0             1 
    11 y[3,4]       *              0             0             1 
    12 y[3,5]       *              0             0             1 
    13 y[4,1]       *              1             0             1 
    14 y[4,2]       *              1             0             1 
    15 y[4,3]       *              0             0             1 
    16 y[4,5]       *              1             0             1 
    17 y[5,1]       *              1             0             1 
    18 y[5,2]       *              1             0             1 
    19 y[5,3]       *              0             0             1 
    20 y[5,4]       *              1             0             1 
    21 x[2,1,1,2]                  0             0               
    22 x[3,1,1,2]                  0             0               
    23 x[4,1,1,2]                  0             0               
    24 x[5,1,1,2]                  0             0               
    25 x[1,2,1,2]                  0             0               
    26 x[1,3,1,2]                  0             0               
    27 x[1,4,1,2]                 83             0               
    28 x[1,5,1,2]                  0             0               
    29 x[2,1,1,3]                  0             0               
    30 x[3,1,1,3]                  0             0               
    31 x[4,1,1,3]                  0             0               
    32 x[5,1,1,3]                  0             0               
    33 x[1,2,1,3]                  0             0               
    34 x[1,3,1,3]                  0             0               
    35 x[1,4,1,3]                112             0               
    36 x[1,5,1,3]                  0             0               
    37 x[2,1,1,4]                  0             0               
    38 x[3,1,1,4]                  0             0               
    39 x[4,1,1,4]                  0             0               
    40 x[5,1,1,4]                  0             0               
    41 x[1,2,1,4]                  0             0               
    42 x[1,3,1,4]                  0             0               
    43 x[1,4,1,4]                358             0               
    44 x[1,5,1,4]                  0             0               
    45 x[2,1,1,5]                  0             0               
    46 x[3,1,1,5]                  0             0               
    47 x[4,1,1,5]                  0             0               
    48 x[5,1,1,5]                  0             0               
    49 x[1,2,1,5]                  0             0               
    50 x[1,3,1,5]                  0             0               
    51 x[1,4,1,5]                  0             0               
    52 x[1,5,1,5]                 24             0               
    53 x[2,1,2,1]                  0             0               
    54 x[3,1,2,1]                  0             0               
    55 x[4,1,2,1]                102             0               
    56 x[5,1,2,1]                  0             0               
    57 x[1,2,2,1]                  0             0               
    58 x[1,3,2,1]                  0             0               
    59 x[1,4,2,1]                  0             0               
    60 x[1,5,2,1]                  0             0               
    61 x[2,1,2,3]                  0             0               
    62 x[3,1,2,3]                  0             0               
    63 x[4,1,2,3]                  0             0               
    64 x[5,1,2,3]                  0             0               
    65 x[1,2,2,3]                  0             0               
    66 x[1,3,2,3]                  0             0               
    67 x[1,4,2,3]                  0             0               
    68 x[1,5,2,3]                  0             0               
    69 x[2,1,2,4]                  0             0               
    70 x[3,1,2,4]                  0             0               
    71 x[4,1,2,4]                  0             0               
    72 x[5,1,2,4]                  0             0               
    73 x[1,2,2,4]                  0             0               
    74 x[1,3,2,4]                  0             0               
    75 x[1,4,2,4]                  0             0               
    76 x[1,5,2,4]                  0             0               
    77 x[2,1,2,5]                  0             0               
    78 x[3,1,2,5]                  0             0               
    79 x[4,1,2,5]                  0             0               
    80 x[5,1,2,5]                  0             0               
    81 x[1,2,2,5]                  0             0               
    82 x[1,3,2,5]                  0             0               
    83 x[1,4,2,5]                  0             0               
    84 x[1,5,2,5]                  0             0               
    85 x[2,1,3,1]                  0             0               
    86 x[3,1,3,1]                  0             0               
    87 x[4,1,3,1]                 24             0               
    88 x[5,1,3,1]                  0             0               
    89 x[1,2,3,1]                  0             0               
    90 x[1,3,3,1]                  0             0               
    91 x[1,4,3,1]                  0             0               
    92 x[1,5,3,1]                  0             0               
    93 x[2,1,3,2]                  0             0               
    94 x[3,1,3,2]                  0             0               
    95 x[4,1,3,2]                  0             0               
    96 x[5,1,3,2]                  0             0               
    97 x[1,2,3,2]                  0             0               
    98 x[1,3,3,2]                  0             0               
    99 x[1,4,3,2]                  0             0               
   100 x[1,5,3,2]                  0             0               
   101 x[2,1,3,4]                  0             0               
   102 x[3,1,3,4]                  0             0               
   103 x[4,1,3,4]                  0             0               
   104 x[5,1,3,4]                  0             0               
   105 x[1,2,3,4]                  0             0               
   106 x[1,3,3,4]                  0             0               
   107 x[1,4,3,4]                  0             0               
   108 x[1,5,3,4]                  0             0               
   109 x[2,1,3,5]                  0             0               
   110 x[3,1,3,5]                  0             0               
   111 x[4,1,3,5]                  0             0               
   112 x[5,1,3,5]                  0             0               
   113 x[1,2,3,5]                  0             0               
   114 x[1,3,3,5]                  0             0               
   115 x[1,4,3,5]                  0             0               
   116 x[1,5,3,5]                  0             0               
   117 x[2,1,4,1]                  0             0               
   118 x[3,1,4,1]                  0             0               
   119 x[4,1,4,1]                 37             0               
   120 x[5,1,4,1]                  0             0               
   121 x[1,2,4,1]                  0             0               
   122 x[1,3,4,1]                  0             0               
   123 x[1,4,4,1]                  0             0               
   124 x[1,5,4,1]                  0             0               
   125 x[2,1,4,2]                  0             0               
   126 x[3,1,4,2]                  0             0               
   127 x[4,1,4,2]                  0             0               
   128 x[5,1,4,2]                  0             0               
   129 x[1,2,4,2]                  0             0               
   130 x[1,3,4,2]                  0             0               
   131 x[1,4,4,2]                  0             0               
   132 x[1,5,4,2]                  0             0               
   133 x[2,1,4,3]                  0             0               
   134 x[3,1,4,3]                  0             0               
   135 x[4,1,4,3]                  0             0               
   136 x[5,1,4,3]                  0             0               
   137 x[1,2,4,3]                  0             0               
   138 x[1,3,4,3]                  0             0               
   139 x[1,4,4,3]                  0             0               
   140 x[1,5,4,3]                  0             0               
   141 x[2,1,4,5]                  0             0               
   142 x[3,1,4,5]                  0             0               
   143 x[4,1,4,5]                  0             0               
   144 x[5,1,4,5]                  0             0               
   145 x[1,2,4,5]                  0             0               
   146 x[1,3,4,5]                  0             0               
   147 x[1,4,4,5]                  0             0               
   148 x[1,5,4,5]                  0             0               
   149 x[2,1,5,1]                  0             0               
   150 x[3,1,5,1]                  0             0               
   151 x[4,1,5,1]                  0             0               
   152 x[5,1,5,1]                 75             0               
   153 x[1,2,5,1]                  0             0               
   154 x[1,3,5,1]                  0             0               
   155 x[1,4,5,1]                  0             0               
   156 x[1,5,5,1]                  0             0               
   157 x[2,1,5,2]                  0             0               
   158 x[3,1,5,2]                  0             0               
   159 x[4,1,5,2]                  0             0               
   160 x[5,1,5,2]                  0             0               
   161 x[1,2,5,2]                  0             0               
   162 x[1,3,5,2]                  0             0               
   163 x[1,4,5,2]                  0             0               
   164 x[1,5,5,2]                  0             0               
   165 x[2,1,5,3]                  0             0               
   166 x[3,1,5,3]                  0             0               
   167 x[4,1,5,3]                  0             0               
   168 x[5,1,5,3]                  0             0               
   169 x[1,2,5,3]                  0             0               
   170 x[1,3,5,3]                  0             0               
   171 x[1,4,5,3]                  0             0               
   172 x[1,5,5,3]                  0             0               
   173 x[2,1,5,4]                  0             0               
   174 x[3,1,5,4]                  0             0               
   175 x[4,1,5,4]                  0             0               
   176 x[5,1,5,4]                  0             0               
   177 x[1,2,5,4]                  0             0               
   178 x[1,3,5,4]                  0             0               
   179 x[1,4,5,4]                  0             0               
   180 x[1,5,5,4]                  0             0               
   181 x[3,2,1,2]                  0             0               
   182 x[4,2,1,2]                 83             0               
   183 x[5,2,1,2]                  0             0               
   184 x[2,3,1,2]                  0             0               
   185 x[2,4,1,2]                  0             0               
   186 x[2,5,1,2]                  0             0               
   187 x[3,2,1,3]                  0             0               
   188 x[4,2,1,3]                112             0               
   189 x[5,2,1,3]                  0             0               
   190 x[2,3,1,3]                112             0               
   191 x[2,4,1,3]                  0             0               
   192 x[2,5,1,3]                  0             0               
   193 x[3,2,1,4]                  0             0               
   194 x[4,2,1,4]                  0             0               
   195 x[5,2,1,4]                  0             0               
   196 x[2,3,1,4]                  0             0               
   197 x[2,4,1,4]                  0             0               
   198 x[2,5,1,4]                  0             0               
   199 x[3,2,1,5]                  0             0               
   200 x[4,2,1,5]                  0             0               
   201 x[5,2,1,5]                  0             0               
   202 x[2,3,1,5]                  0             0               
   203 x[2,4,1,5]                  0             0               
   204 x[2,5,1,5]                  0             0               
   205 x[3,2,2,1]                  0             0               
   206 x[4,2,2,1]                  0             0               
   207 x[5,2,2,1]                  0             0               
   208 x[2,3,2,1]                  0             0               
   209 x[2,4,2,1]                102             0               
   210 x[2,5,2,1]                  0             0               
   211 x[3,2,2,3]                  0             0               
   212 x[4,2,2,3]                  0             0               
   213 x[5,2,2,3]                  0             0               
   214 x[2,3,2,3]                193             0               
   215 x[2,4,2,3]                  0             0               
   216 x[2,5,2,3]                  0             0               
   217 x[3,2,2,4]                  0             0               
   218 x[4,2,2,4]                  0             0               
   219 x[5,2,2,4]                  0             0               
   220 x[2,3,2,4]                  0             0               
   221 x[2,4,2,4]                243             0               
   222 x[2,5,2,4]                  0             0               
   223 x[3,2,2,5]                  0             0               
   224 x[4,2,2,5]                  0             0               
   225 x[5,2,2,5]                  0             0               
   226 x[2,3,2,5]                  0             0               
   227 x[2,4,2,5]                  0             0               
   228 x[2,5,2,5]                141             0               
   229 x[3,2,3,1]                 24             0               
   230 x[4,2,3,1]                  0             0               
   231 x[5,2,3,1]                  0             0               
   232 x[2,3,3,1]                  0             0               
   233 x[2,4,3,1]                 24             0               
   234 x[2,5,3,1]                  0             0               
   235 x[3,2,3,2]                178             0               
   236 x[4,2,3,2]                  0             0               
   237 x[5,2,3,2]                  0             0               
   238 x[2,3,3,2]                  0             0               
   239 x[2,4,3,2]                  0             0               
   240 x[2,5,3,2]                  0             0               
   241 x[3,2,3,4]                218             0               
   242 x[4,2,3,4]                  0             0               
   243 x[5,2,3,4]                  0             0               
   244 x[2,3,3,4]                  0             0               
   245 x[2,4,3,4]                218             0               
   246 x[2,5,3,4]                  0             0               
   247 x[3,2,3,5]                142             0               
   248 x[4,2,3,5]                  0             0               
   249 x[5,2,3,5]                  0             0               
   250 x[2,3,3,5]                  0             0               
   251 x[2,4,3,5]                  0             0               
   252 x[2,5,3,5]                142             0               
   253 x[3,2,4,1]                  0             0               
   254 x[4,2,4,1]                  0             0               
   255 x[5,2,4,1]                  0             0               
   256 x[2,3,4,1]                  0             0               
   257 x[2,4,4,1]                  0             0               
   258 x[2,5,4,1]                  0             0               
   259 x[3,2,4,2]                  0             0               
   260 x[4,2,4,2]                352             0               
   261 x[5,2,4,2]                  0             0               
   262 x[2,3,4,2]                  0             0               
   263 x[2,4,4,2]                  0             0               
   264 x[2,5,4,2]                  0             0               
   265 x[3,2,4,3]                  0             0               
   266 x[4,2,4,3]                428             0               
   267 x[5,2,4,3]                  0             0               
   268 x[2,3,4,3]                428             0               
   269 x[2,4,4,3]                  0             0               
   270 x[2,5,4,3]                  0             0               
   271 x[3,2,4,5]                  0             0               
   272 x[4,2,4,5]                  0             0               
   273 x[5,2,4,5]                  0             0               
   274 x[2,3,4,5]                  0             0               
   275 x[2,4,4,5]                  0             0               
   276 x[2,5,4,5]                  0             0               
   277 x[3,2,5,1]                  0             0               
   278 x[4,2,5,1]                  0             0               
   279 x[5,2,5,1]                  0             0               
   280 x[2,3,5,1]                  0             0               
   281 x[2,4,5,1]                  0             0               
   282 x[2,5,5,1]                  0             0               
   283 x[3,2,5,2]                  0             0               
   284 x[4,2,5,2]                  0             0               
   285 x[5,2,5,2]                215             0               
   286 x[2,3,5,2]                  0             0               
   287 x[2,4,5,2]                  0             0               
   288 x[2,5,5,2]                  0             0               
   289 x[3,2,5,3]                  0             0               
   290 x[4,2,5,3]                  0             0               
   291 x[5,2,5,3]                164             0               
   292 x[2,3,5,3]                164             0               
   293 x[2,4,5,3]                  0             0               
   294 x[2,5,5,3]                  0             0               
   295 x[3,2,5,4]                  0             0               
   296 x[4,2,5,4]                  0             0               
   297 x[5,2,5,4]                  0             0               
   298 x[2,3,5,4]                  0             0               
   299 x[2,4,5,4]                  0             0               
   300 x[2,5,5,4]                  0             0               
   301 x[4,3,1,2]                  0             0               
   302 x[5,3,1,2]                  0             0               
   303 x[3,4,1,2]                  0             0               
   304 x[3,5,1,2]                  0             0               
   305 x[4,3,1,3]                  0             0               
   306 x[5,3,1,3]                  0             0               
   307 x[3,4,1,3]                  0             0               
   308 x[3,5,1,3]                  0             0               
   309 x[4,3,1,4]                  0             0               
   310 x[5,3,1,4]                  0             0               
   311 x[3,4,1,4]                  0             0               
   312 x[3,5,1,4]                  0             0               
   313 x[4,3,1,5]                  0             0               
   314 x[5,3,1,5]                  0             0               
   315 x[3,4,1,5]                  0             0               
   316 x[3,5,1,5]                  0             0               
   317 x[4,3,2,1]                  0             0               
   318 x[5,3,2,1]                  0             0               
   319 x[3,4,2,1]                  0             0               
   320 x[3,5,2,1]                  0             0               
   321 x[4,3,2,3]                  0             0               
   322 x[5,3,2,3]                  0             0               
   323 x[3,4,2,3]                  0             0               
   324 x[3,5,2,3]                  0             0               
   325 x[4,3,2,4]                  0             0               
   326 x[5,3,2,4]                  0             0               
   327 x[3,4,2,4]                  0             0               
   328 x[3,5,2,4]                  0             0               
   329 x[4,3,2,5]                  0             0               
   330 x[5,3,2,5]                  0             0               
   331 x[3,4,2,5]                  0             0               
   332 x[3,5,2,5]                  0             0               
   333 x[4,3,3,1]                  0             0               
   334 x[5,3,3,1]                  0             0               
   335 x[3,4,3,1]                  0             0               
   336 x[3,5,3,1]                  0             0               
   337 x[4,3,3,2]                  0             0               
   338 x[5,3,3,2]                  0             0               
   339 x[3,4,3,2]                  0             0               
   340 x[3,5,3,2]                  0             0               
   341 x[4,3,3,4]                  0             0               
   342 x[5,3,3,4]                  0             0               
   343 x[3,4,3,4]                  0             0               
   344 x[3,5,3,4]                  0             0               
   345 x[4,3,3,5]                  0             0               
   346 x[5,3,3,5]                  0             0               
   347 x[3,4,3,5]                  0             0               
   348 x[3,5,3,5]                  0             0               
   349 x[4,3,4,1]                  0             0               
   350 x[5,3,4,1]                  0             0               
   351 x[3,4,4,1]                  0             0               
   352 x[3,5,4,1]                  0             0               
   353 x[4,3,4,2]                  0             0               
   354 x[5,3,4,2]                  0             0               
   355 x[3,4,4,2]                  0             0               
   356 x[3,5,4,2]                  0             0               
   357 x[4,3,4,3]                  0             0               
   358 x[5,3,4,3]                  0             0               
   359 x[3,4,4,3]                  0             0               
   360 x[3,5,4,3]                  0             0               
   361 x[4,3,4,5]                  0             0               
   362 x[5,3,4,5]                  0             0               
   363 x[3,4,4,5]                  0             0               
   364 x[3,5,4,5]                  0             0               
   365 x[4,3,5,1]                  0             0               
   366 x[5,3,5,1]                  0             0               
   367 x[3,4,5,1]                  0             0               
   368 x[3,5,5,1]                  0             0               
   369 x[4,3,5,2]                  0             0               
   370 x[5,3,5,2]                  0             0               
   371 x[3,4,5,2]                  0             0               
   372 x[3,5,5,2]                  0             0               
   373 x[4,3,5,3]                  0             0               
   374 x[5,3,5,3]                  0             0               
   375 x[3,4,5,3]                  0             0               
   376 x[3,5,5,3]                  0             0               
   377 x[4,3,5,4]                  0             0               
   378 x[5,3,5,4]                  0             0               
   379 x[3,4,5,4]                  0             0               
   380 x[3,5,5,4]                  0             0               
   381 x[5,4,1,2]                  0             0               
   382 x[4,5,1,2]                  0             0               
   383 x[5,4,1,3]                  0             0               
   384 x[4,5,1,3]                  0             0               
   385 x[5,4,1,4]                  0             0               
   386 x[4,5,1,4]                  0             0               
   387 x[5,4,1,5]                  0             0               
   388 x[4,5,1,5]                  0             0               
   389 x[5,4,2,1]                  0             0               
   390 x[4,5,2,1]                  0             0               
   391 x[5,4,2,3]                  0             0               
   392 x[4,5,2,3]                  0             0               
   393 x[5,4,2,4]                  0             0               
   394 x[4,5,2,4]                  0             0               
   395 x[5,4,2,5]                  0             0               
   396 x[4,5,2,5]                  0             0               
   397 x[5,4,3,1]                  0             0               
   398 x[4,5,3,1]                  0             0               
   399 x[5,4,3,2]                  0             0               
   400 x[4,5,3,2]                  0             0               
   401 x[5,4,3,4]                  0             0               
   402 x[4,5,3,4]                  0             0               
   403 x[5,4,3,5]                  0             0               
   404 x[4,5,3,5]                  0             0               
   405 x[5,4,4,1]                  0             0               
   406 x[4,5,4,1]                  0             0               
   407 x[5,4,4,2]                  0             0               
   408 x[4,5,4,2]                  0             0               
   409 x[5,4,4,3]                  0             0               
   410 x[4,5,4,3]                  0             0               
   411 x[5,4,4,5]                  0             0               
   412 x[4,5,4,5]                247             0               
   413 x[5,4,5,1]                  0             0               
   414 x[4,5,5,1]                  0             0               
   415 x[5,4,5,2]                  0             0               
   416 x[4,5,5,2]                  0             0               
   417 x[5,4,5,3]                  0             0               
   418 x[4,5,5,3]                  0             0               
   419 x[5,4,5,4]                859             0               
   420 x[4,5,5,4]                  0             0               

Integer feasibility conditions:

KKT.PE: max.abs.err = 0.00e+00 on row 0
        max.rel.err = 0.00e+00 on row 0
        High quality

KKT.PB: max.abs.err = 0.00e+00 on row 0
        max.rel.err = 0.00e+00 on row 0
        High quality

End of output
