Problem:    ex1
Rows:       211
Columns:    930 (30 integer, 30 binary)
Non-zeros:  3660
Status:     INTEGER OPTIMAL
Objective:  cost = 345557.5508 (MINimum)

   No.   Row name        Activity     Lower bound   Upper bound
------ ------------    ------------- ------------- -------------
     1 Flow[1,1,2]                83            83             = 
     2 Flow[1,1,3]               112           112             = 
     3 Flow[1,1,4]               358           358             = 
     4 Flow[1,1,5]                24            24             = 
     5 Flow[1,1,6]               103           103             = 
     6 Flow[1,2,1]              -102          -102             = 
     7 Flow[1,2,3]                 0            -0             = 
     8 Flow[1,2,4]                 0            -0             = 
     9 Flow[1,2,5]                 0            -0             = 
    10 Flow[1,2,6]                 0            -0             = 
    11 Flow[1,3,1]               -24           -24             = 
    12 Flow[1,3,2]                 0            -0             = 
    13 Flow[1,3,4]                 0            -0             = 
    14 Flow[1,3,5]                 0            -0             = 
    15 Flow[1,3,6]                 0            -0             = 
    16 Flow[1,4,1]               -37           -37             = 
    17 Flow[1,4,2]                 0            -0             = 
    18 Flow[1,4,3]                 0            -0             = 
    19 Flow[1,4,5]                 0            -0             = 
    20 Flow[1,4,6]                 0            -0             = 
    21 Flow[1,5,1]               -75           -75             = 
    22 Flow[1,5,2]                 0            -0             = 
    23 Flow[1,5,3]                 0            -0             = 
    24 Flow[1,5,4]                 0            -0             = 
    25 Flow[1,5,6]                 0            -0             = 
    26 Flow[1,6,1]               -34           -34             = 
    27 Flow[1,6,2]                 0            -0             = 
    28 Flow[1,6,3]                 0            -0             = 
    29 Flow[1,6,4]                 0            -0             = 
    30 Flow[1,6,5]                 0            -0             = 
    31 Flow[2,1,2]               -83           -83             = 
    32 Flow[2,1,3]                 0            -0             = 
    33 Flow[2,1,4]                 0            -0             = 
    34 Flow[2,1,5]                 0            -0             = 
    35 Flow[2,1,6]                 0            -0             = 
    36 Flow[2,2,1]               102           102             = 
    37 Flow[2,2,3]               193           193             = 
    38 Flow[2,2,4]               243           243             = 
    39 Flow[2,2,5]               141           141             = 
    40 Flow[2,2,6]               145           145             = 
    41 Flow[2,3,1]                 0            -0             = 
    42 Flow[2,3,2]              -178          -178             = 
    43 Flow[2,3,4]                 0            -0             = 
    44 Flow[2,3,5]                 0            -0             = 
    45 Flow[2,3,6]                 0            -0             = 
    46 Flow[2,4,1]                 0            -0             = 
    47 Flow[2,4,2]              -352          -352             = 
    48 Flow[2,4,3]                 0            -0             = 
    49 Flow[2,4,5]                 0            -0             = 
    50 Flow[2,4,6]                 0            -0             = 
    51 Flow[2,5,1]                 0            -0             = 
    52 Flow[2,5,2]              -215          -215             = 
    53 Flow[2,5,3]                 0            -0             = 
    54 Flow[2,5,4]                 0            -0             = 
    55 Flow[2,5,6]                 0            -0             = 
    56 Flow[2,6,1]                 0            -0             = 
    57 Flow[2,6,2]              -375          -375             = 
    58 Flow[2,6,3]                 0            -0             = 
    59 Flow[2,6,4]                 0            -0             = 
    60 Flow[2,6,5]                 0            -0             = 
    61 Flow[3,1,2]                 0            -0             = 
    62 Flow[3,1,3]              -112          -112             = 
    63 Flow[3,1,4]                 0            -0             = 
    64 Flow[3,1,5]                 0            -0             = 
    65 Flow[3,1,6]                 0            -0             = 
    66 Flow[3,2,1]                 0            -0             = 
    67 Flow[3,2,3]              -193          -193             = 
    68 Flow[3,2,4]                 0            -0             = 
    69 Flow[3,2,5]                 0            -0             = 
    70 Flow[3,2,6]                 0            -0             = 
    71 Flow[3,3,1]                24            24             = 
    72 Flow[3,3,2]               178           178             = 
    73 Flow[3,3,4]               218           218             = 
    74 Flow[3,3,5]               142           142             = 
    75 Flow[3,3,6]                72            72             = 
    76 Flow[3,4,1]                 0            -0             = 
    77 Flow[3,4,2]                 0            -0             = 
    78 Flow[3,4,3]              -428          -428             = 
    79 Flow[3,4,5]                 0            -0             = 
    80 Flow[3,4,6]                 0            -0             = 
    81 Flow[3,5,1]                 0            -0             = 
    82 Flow[3,5,2]                 0            -0             = 
    83 Flow[3,5,3]              -164          -164             = 
    84 Flow[3,5,4]                 0            -0             = 
    85 Flow[3,5,6]                 0            -0             = 
    86 Flow[3,6,1]                 0            -0             = 
    87 Flow[3,6,2]                 0            -0             = 
    88 Flow[3,6,3]              -367          -367             = 
    89 Flow[3,6,4]                 0            -0             = 
    90 Flow[3,6,5]                 0            -0             = 
    91 Flow[4,1,2]                 0            -0             = 
    92 Flow[4,1,3]                 0            -0             = 
    93 Flow[4,1,4]              -358          -358             = 
    94 Flow[4,1,5]                 0            -0             = 
    95 Flow[4,1,6]                 0            -0             = 
    96 Flow[4,2,1]                 0            -0             = 
    97 Flow[4,2,3]                 0            -0             = 
    98 Flow[4,2,4]              -243          -243             = 
    99 Flow[4,2,5]                 0            -0             = 
   100 Flow[4,2,6]                 0            -0             = 
   101 Flow[4,3,1]                 0            -0             = 
   102 Flow[4,3,2]                 0            -0             = 
   103 Flow[4,3,4]              -218          -218             = 
   104 Flow[4,3,5]                 0            -0             = 
   105 Flow[4,3,6]                 0            -0             = 
   106 Flow[4,4,1]                37            37             = 
   107 Flow[4,4,2]               352           352             = 
   108 Flow[4,4,3]               428           428             = 
   109 Flow[4,4,5]               247           247             = 
   110 Flow[4,4,6]               217           217             = 
   111 Flow[4,5,1]                 0            -0             = 
   112 Flow[4,5,2]                 0            -0             = 
   113 Flow[4,5,3]                 0            -0             = 
   114 Flow[4,5,4]              -859          -859             = 
   115 Flow[4,5,6]                 0            -0             = 
   116 Flow[4,6,1]                 0            -0             = 
   117 Flow[4,6,2]                 0            -0             = 
   118 Flow[4,6,3]                 0            -0             = 
   119 Flow[4,6,4]              -404          -404             = 
   120 Flow[4,6,5]                 0            -0             = 
   121 Flow[5,1,2]                 0            -0             = 
   122 Flow[5,1,3]                 0            -0             = 
   123 Flow[5,1,4]                 0            -0             = 
   124 Flow[5,1,5]               -24           -24             = 
   125 Flow[5,1,6]                 0            -0             = 
   126 Flow[5,2,1]                 0            -0             = 
   127 Flow[5,2,3]                 0            -0             = 
   128 Flow[5,2,4]                 0            -0             = 
   129 Flow[5,2,5]              -141          -141             = 
   130 Flow[5,2,6]                 0            -0             = 
   131 Flow[5,3,1]                 0            -0             = 
   132 Flow[5,3,2]                 0            -0             = 
   133 Flow[5,3,4]                 0            -0             = 
   134 Flow[5,3,5]              -142          -142             = 
   135 Flow[5,3,6]                 0            -0             = 
   136 Flow[5,4,1]                 0            -0             = 
   137 Flow[5,4,2]                 0            -0             = 
   138 Flow[5,4,3]                 0            -0             = 
   139 Flow[5,4,5]              -247          -247             = 
   140 Flow[5,4,6]                 0            -0             = 
   141 Flow[5,5,1]                75            75             = 
   142 Flow[5,5,2]               215           215             = 
   143 Flow[5,5,3]               164           164             = 
   144 Flow[5,5,4]               859           859             = 
   145 Flow[5,5,6]                54            54             = 
   146 Flow[5,6,1]                 0            -0             = 
   147 Flow[5,6,2]                 0            -0             = 
   148 Flow[5,6,3]                 0            -0             = 
   149 Flow[5,6,4]                 0            -0             = 
   150 Flow[5,6,5]               -10           -10             = 
   151 Flow[6,1,2]                 0            -0             = 
   152 Flow[6,1,3]                 0            -0             = 
   153 Flow[6,1,4]                 0            -0             = 
   154 Flow[6,1,5]                 0            -0             = 
   155 Flow[6,1,6]              -103          -103             = 
   156 Flow[6,2,1]                 0            -0             = 
   157 Flow[6,2,3]                 0            -0             = 
   158 Flow[6,2,4]                 0            -0             = 
   159 Flow[6,2,5]                 0            -0             = 
   160 Flow[6,2,6]              -145          -145             = 
   161 Flow[6,3,1]                 0            -0             = 
   162 Flow[6,3,2]                 0            -0             = 
   163 Flow[6,3,4]                 0            -0             = 
   164 Flow[6,3,5]                 0            -0             = 
   165 Flow[6,3,6]               -72           -72             = 
   166 Flow[6,4,1]                 0            -0             = 
   167 Flow[6,4,2]                 0            -0             = 
   168 Flow[6,4,3]                 0            -0             = 
   169 Flow[6,4,5]                 0            -0             = 
   170 Flow[6,4,6]              -217          -217             = 
   171 Flow[6,5,1]                 0            -0             = 
   172 Flow[6,5,2]                 0            -0             = 
   173 Flow[6,5,3]                 0            -0             = 
   174 Flow[6,5,4]                 0            -0             = 
   175 Flow[6,5,6]               -54           -54             = 
   176 Flow[6,6,1]                34            34             = 
   177 Flow[6,6,2]               375           375             = 
   178 Flow[6,6,3]               367           367             = 
   179 Flow[6,6,4]               404           404             = 
   180 Flow[6,6,5]                10            10             = 
   181 Capacity[1,2]
                                   0                          -0 
   182 Capacity[1,3]
                                   0                          -0 
   183 Capacity[1,4]
                                -447                          -0 
   184 Capacity[1,5]
                                   0                          -0 
   185 Capacity[1,6]
                                -873                          -0 
   186 Capacity[2,1]
                                   0                          -0 
   187 Capacity[2,3]
                                -276                          -0 
   188 Capacity[2,4]
                                -196                          -0 
   189 Capacity[2,5]
                                -717                          -0 
   190 Capacity[2,6]
                                   0                          -0 
   191 Capacity[3,1]
                                   0                          -0 
   192 Capacity[3,2]
                                -366                          -0 
   193 Capacity[3,4]
                                   0                          -0 
   194 Capacity[3,5]
                                   0                          -0 
   195 Capacity[3,6]
                                   0                          -0 
   196 Capacity[4,1]
                                -837                          -0 
   197 Capacity[4,2]
                                -565                          -0 
   198 Capacity[4,3]
                                -460                          -0 
   199 Capacity[4,5]
                                -753                          -0 
   200 Capacity[4,6]
                                -566                          -0 
   201 Capacity[5,1]
                                   0                          -0 
   202 Capacity[5,2]
                                -621                          -0 
   203 Capacity[5,3]
                                   0                          -0 
   204 Capacity[5,4]
                                -141                          -0 
   205 Capacity[5,6]
                                -871                          -0 
   206 Capacity[6,1]
                                -891                          -0 
   207 Capacity[6,2]
                                -258                          -0 
   208 Capacity[6,3]
                                   0                          -0 
   209 Capacity[6,4]
                                -596                          -0 
   210 Capacity[6,5]
                                -966                          -0 
   211 cost                   345558                             

   No. Column name       Activity     Lower bound   Upper bound
------ ------------    ------------- ------------- -------------
     1 y[1,2]       *              0             0             1 
     2 y[1,3]       *              0             0             1 
     3 y[1,4]       *              1             0             1 
     4 y[1,5]       *              0             0             1 
     5 y[1,6]       *              1             0             1 
     6 y[2,1]       *              0             0             1 
     7 y[2,3]       *              1             0             1 
     8 y[2,4]       *              1             0             1 
     9 y[2,5]       *              1             0             1 
    10 y[2,6]       *              0             0             1 
    11 y[3,1]       *              0             0             1 
    12 y[3,2]       *              1             0             1 
    13 y[3,4]       *              0             0             1 
    14 y[3,5]       *              0             0             1 
    15 y[3,6]       *              0             0             1 
    16 y[4,1]       *              1             0             1 
    17 y[4,2]       *              1             0             1 
    18 y[4,3]       *              1             0             1 
    19 y[4,5]       *              1             0             1 
    20 y[4,6]       *              1             0             1 
    21 y[5,1]       *              0             0             1 
    22 y[5,2]       *              1             0             1 
    23 y[5,3]       *              0             0             1 
    24 y[5,4]       *              1             0             1 
    25 y[5,6]       *              1             0             1 
    26 y[6,1]       *              1             0             1 
    27 y[6,2]       *              1             0             1 
    28 y[6,3]       *              0             0             1 
    29 y[6,4]       *              1             0             1 
    30 y[6,5]       *              1             0             1 
    31 x[2,1,1,2]                  0             0               
    32 x[3,1,1,2]                  0             0               
    33 x[4,1,1,2]                  0             0               
    34 x[5,1,1,2]                  0             0               
    35 x[6,1,1,2]                  0             0               
    36 x[1,2,1,2]                  0             0               
    37 x[1,3,1,2]                  0             0               
    38 x[1,4,1,2]                 83             0               
    39 x[1,5,1,2]                  0             0               
    40 x[1,6,1,2]                  0             0               
    41 x[2,1,1,3]                  0             0               
    42 x[3,1,1,3]                  0             0               
    43 x[4,1,1,3]                  0             0               
    44 x[5,1,1,3]                  0             0               
    45 x[6,1,1,3]                  0             0               
    46 x[1,2,1,3]                  0             0               
    47 x[1,3,1,3]                  0             0               
    48 x[1,4,1,3]                112             0               
    49 x[1,5,1,3]                  0             0               
    50 x[1,6,1,3]                  0             0               
    51 x[2,1,1,4]                  0             0               
    52 x[3,1,1,4]                  0             0               
    53 x[4,1,1,4]                  0             0               
    54 x[5,1,1,4]                  0             0               
    55 x[6,1,1,4]                  0             0               
    56 x[1,2,1,4]                  0             0               
    57 x[1,3,1,4]                  0             0               
    58 x[1,4,1,4]                358             0               
    59 x[1,5,1,4]                  0             0               
    60 x[1,6,1,4]                  0             0               
    61 x[2,1,1,5]                  0             0               
    62 x[3,1,1,5]                  0             0               
    63 x[4,1,1,5]                  0             0               
    64 x[5,1,1,5]                  0             0               
    65 x[6,1,1,5]                  0             0               
    66 x[1,2,1,5]                  0             0               
    67 x[1,3,1,5]                  0             0               
    68 x[1,4,1,5]                  0             0               
    69 x[1,5,1,5]                  0             0               
    70 x[1,6,1,5]                 24             0               
    71 x[2,1,1,6]                  0             0               
    72 x[3,1,1,6]                  0             0               
    73 x[4,1,1,6]                  0             0               
    74 x[5,1,1,6]                  0             0               
    75 x[6,1,1,6]                  0             0               
    76 x[1,2,1,6]                  0             0               
    77 x[1,3,1,6]                  0             0               
    78 x[1,4,1,6]                  0             0               
    79 x[1,5,1,6]                  0             0               
    80 x[1,6,1,6]                103             0               
    81 x[2,1,2,1]                  0             0               
    82 x[3,1,2,1]                  0             0               
    83 x[4,1,2,1]                102             0               
    84 x[5,1,2,1]                  0             0               
    85 x[6,1,2,1]                  0             0               
    86 x[1,2,2,1]                  0             0               
    87 x[1,3,2,1]                  0             0               
    88 x[1,4,2,1]                  0             0               
    89 x[1,5,2,1]                  0             0               
    90 x[1,6,2,1]                  0             0               
    91 x[2,1,2,3]                  0             0               
    92 x[3,1,2,3]                  0             0               
    93 x[4,1,2,3]                  0             0               
    94 x[5,1,2,3]                  0             0               
    95 x[6,1,2,3]                  0             0               
    96 x[1,2,2,3]                  0             0               
    97 x[1,3,2,3]                  0             0               
    98 x[1,4,2,3]                  0             0               
    99 x[1,5,2,3]                  0             0               
   100 x[1,6,2,3]                  0             0               
   101 x[2,1,2,4]                  0             0               
   102 x[3,1,2,4]                  0             0               
   103 x[4,1,2,4]                  0             0               
   104 x[5,1,2,4]                  0             0               
   105 x[6,1,2,4]                  0             0               
   106 x[1,2,2,4]                  0             0               
   107 x[1,3,2,4]                  0             0               
   108 x[1,4,2,4]                  0             0               
   109 x[1,5,2,4]                  0             0               
   110 x[1,6,2,4]                  0             0               
   111 x[2,1,2,5]                  0             0               
   112 x[3,1,2,5]                  0             0               
   113 x[4,1,2,5]                  0             0               
   114 x[5,1,2,5]                  0             0               
   115 x[6,1,2,5]                  0             0               
   116 x[1,2,2,5]                  0             0               
   117 x[1,3,2,5]                  0             0               
   118 x[1,4,2,5]                  0             0               
   119 x[1,5,2,5]                  0             0               
   120 x[1,6,2,5]                  0             0               
   121 x[2,1,2,6]                  0             0               
   122 x[3,1,2,6]                  0             0               
   123 x[4,1,2,6]                  0             0               
   124 x[5,1,2,6]                  0             0               
   125 x[6,1,2,6]                  0             0               
   126 x[1,2,2,6]                  0             0               
   127 x[1,3,2,6]                  0             0               
   128 x[1,4,2,6]                  0             0               
   129 x[1,5,2,6]                  0             0               
   130 x[1,6,2,6]                  0             0               
   131 x[2,1,3,1]                  0             0               
   132 x[3,1,3,1]                  0             0               
   133 x[4,1,3,1]                 24             0               
   134 x[5,1,3,1]                  0             0               
   135 x[6,1,3,1]                  0             0               
   136 x[1,2,3,1]                  0             0               
   137 x[1,3,3,1]                  0             0               
   138 x[1,4,3,1]                  0             0               
   139 x[1,5,3,1]                  0             0               
   140 x[1,6,3,1]                  0             0               
   141 x[2,1,3,2]                  0             0               
   142 x[3,1,3,2]                  0             0               
   143 x[4,1,3,2]                  0             0               
   144 x[5,1,3,2]                  0             0               
   145 x[6,1,3,2]                  0             0               
   146 x[1,2,3,2]                  0             0               
   147 x[1,3,3,2]                  0             0               
   148 x[1,4,3,2]                  0             0               
   149 x[1,5,3,2]                  0             0               
   150 x[1,6,3,2]                  0             0               
   151 x[2,1,3,4]                  0             0               
   152 x[3,1,3,4]                  0             0               
   153 x[4,1,3,4]                  0             0               
   154 x[5,1,3,4]                  0             0               
   155 x[6,1,3,4]                  0             0               
   156 x[1,2,3,4]                  0             0               
   157 x[1,3,3,4]                  0             0               
   158 x[1,4,3,4]                  0             0               
   159 x[1,5,3,4]                  0             0               
   160 x[1,6,3,4]                  0             0               
   161 x[2,1,3,5]                  0             0               
   162 x[3,1,3,5]                  0             0               
   163 x[4,1,3,5]                  0             0               
   164 x[5,1,3,5]                  0             0               
   165 x[6,1,3,5]                  0             0               
   166 x[1,2,3,5]                  0             0               
   167 x[1,3,3,5]                  0             0               
   168 x[1,4,3,5]                  0             0               
   169 x[1,5,3,5]                  0             0               
   170 x[1,6,3,5]                  0             0               
   171 x[2,1,3,6]                  0             0               
   172 x[3,1,3,6]                  0             0               
   173 x[4,1,3,6]                  0             0               
   174 x[5,1,3,6]                  0             0               
   175 x[6,1,3,6]                  0             0               
   176 x[1,2,3,6]                  0             0               
   177 x[1,3,3,6]                  0             0               
   178 x[1,4,3,6]                  0             0               
   179 x[1,5,3,6]                  0             0               
   180 x[1,6,3,6]                  0             0               
   181 x[2,1,4,1]                  0             0               
   182 x[3,1,4,1]                  0             0               
   183 x[4,1,4,1]                 37             0               
   184 x[5,1,4,1]                  0             0               
   185 x[6,1,4,1]                  0             0               
   186 x[1,2,4,1]                  0             0               
   187 x[1,3,4,1]                  0             0               
   188 x[1,4,4,1]                  0             0               
   189 x[1,5,4,1]                  0             0               
   190 x[1,6,4,1]                  0             0               
   191 x[2,1,4,2]                  0             0               
   192 x[3,1,4,2]                  0             0               
   193 x[4,1,4,2]                  0             0               
   194 x[5,1,4,2]                  0             0               
   195 x[6,1,4,2]                  0             0               
   196 x[1,2,4,2]                  0             0               
   197 x[1,3,4,2]                  0             0               
   198 x[1,4,4,2]                  0             0               
   199 x[1,5,4,2]                  0             0               
   200 x[1,6,4,2]                  0             0               
   201 x[2,1,4,3]                  0             0               
   202 x[3,1,4,3]                  0             0               
   203 x[4,1,4,3]                  0             0               
   204 x[5,1,4,3]                  0             0               
   205 x[6,1,4,3]                  0             0               
   206 x[1,2,4,3]                  0             0               
   207 x[1,3,4,3]                  0             0               
   208 x[1,4,4,3]                  0             0               
   209 x[1,5,4,3]                  0             0               
   210 x[1,6,4,3]                  0             0               
   211 x[2,1,4,5]                  0             0               
   212 x[3,1,4,5]                  0             0               
   213 x[4,1,4,5]                  0             0               
   214 x[5,1,4,5]                  0             0               
   215 x[6,1,4,5]                  0             0               
   216 x[1,2,4,5]                  0             0               
   217 x[1,3,4,5]                  0             0               
   218 x[1,4,4,5]                  0             0               
   219 x[1,5,4,5]                  0             0               
   220 x[1,6,4,5]                  0             0               
   221 x[2,1,4,6]                  0             0               
   222 x[3,1,4,6]                  0             0               
   223 x[4,1,4,6]                  0             0               
   224 x[5,1,4,6]                  0             0               
   225 x[6,1,4,6]                  0             0               
   226 x[1,2,4,6]                  0             0               
   227 x[1,3,4,6]                  0             0               
   228 x[1,4,4,6]                  0             0               
   229 x[1,5,4,6]                  0             0               
   230 x[1,6,4,6]                  0             0               
   231 x[2,1,5,1]                  0             0               
   232 x[3,1,5,1]                  0             0               
   233 x[4,1,5,1]                  0             0               
   234 x[5,1,5,1]                  0             0               
   235 x[6,1,5,1]                 75             0               
   236 x[1,2,5,1]                  0             0               
   237 x[1,3,5,1]                  0             0               
   238 x[1,4,5,1]                  0             0               
   239 x[1,5,5,1]                  0             0               
   240 x[1,6,5,1]                  0             0               
   241 x[2,1,5,2]                  0             0               
   242 x[3,1,5,2]                  0             0               
   243 x[4,1,5,2]                  0             0               
   244 x[5,1,5,2]                  0             0               
   245 x[6,1,5,2]                  0             0               
   246 x[1,2,5,2]                  0             0               
   247 x[1,3,5,2]                  0             0               
   248 x[1,4,5,2]                  0             0               
   249 x[1,5,5,2]                  0             0               
   250 x[1,6,5,2]                  0             0               
   251 x[2,1,5,3]                  0             0               
   252 x[3,1,5,3]                  0             0               
   253 x[4,1,5,3]                  0             0               
   254 x[5,1,5,3]                  0             0               
   255 x[6,1,5,3]                  0             0               
   256 x[1,2,5,3]                  0             0               
   257 x[1,3,5,3]                  0             0               
   258 x[1,4,5,3]                  0             0               
   259 x[1,5,5,3]                  0             0               
   260 x[1,6,5,3]                  0             0               
   261 x[2,1,5,4]                  0             0               
   262 x[3,1,5,4]                  0             0               
   263 x[4,1,5,4]                  0             0               
   264 x[5,1,5,4]                  0             0               
   265 x[6,1,5,4]                  0             0               
   266 x[1,2,5,4]                  0             0               
   267 x[1,3,5,4]                  0             0               
   268 x[1,4,5,4]                  0             0               
   269 x[1,5,5,4]                  0             0               
   270 x[1,6,5,4]                  0             0               
   271 x[2,1,5,6]                  0             0               
   272 x[3,1,5,6]                  0             0               
   273 x[4,1,5,6]                  0             0               
   274 x[5,1,5,6]                  0             0               
   275 x[6,1,5,6]                  0             0               
   276 x[1,2,5,6]                  0             0               
   277 x[1,3,5,6]                  0             0               
   278 x[1,4,5,6]                  0             0               
   279 x[1,5,5,6]                  0             0               
   280 x[1,6,5,6]                  0             0               
   281 x[2,1,6,1]                  0             0               
   282 x[3,1,6,1]                  0             0               
   283 x[4,1,6,1]                  0             0               
   284 x[5,1,6,1]                  0             0               
   285 x[6,1,6,1]                 34             0               
   286 x[1,2,6,1]                  0             0               
   287 x[1,3,6,1]                  0             0               
   288 x[1,4,6,1]                  0             0               
   289 x[1,5,6,1]                  0             0               
   290 x[1,6,6,1]                  0             0               
   291 x[2,1,6,2]                  0             0               
   292 x[3,1,6,2]                  0             0               
   293 x[4,1,6,2]                  0             0               
   294 x[5,1,6,2]                  0             0               
   295 x[6,1,6,2]                  0             0               
   296 x[1,2,6,2]                  0             0               
   297 x[1,3,6,2]                  0             0               
   298 x[1,4,6,2]                  0             0               
   299 x[1,5,6,2]                  0             0               
   300 x[1,6,6,2]                  0             0               
   301 x[2,1,6,3]                  0             0               
   302 x[3,1,6,3]                  0             0               
   303 x[4,1,6,3]                  0             0               
   304 x[5,1,6,3]                  0             0               
   305 x[6,1,6,3]                  0             0               
   306 x[1,2,6,3]                  0             0               
   307 x[1,3,6,3]                  0             0               
   308 x[1,4,6,3]                  0             0               
   309 x[1,5,6,3]                  0             0               
   310 x[1,6,6,3]                  0             0               
   311 x[2,1,6,4]                  0             0               
   312 x[3,1,6,4]                  0             0               
   313 x[4,1,6,4]                  0             0               
   314 x[5,1,6,4]                  0             0               
   315 x[6,1,6,4]                  0             0               
   316 x[1,2,6,4]                  0             0               
   317 x[1,3,6,4]                  0             0               
   318 x[1,4,6,4]                  0             0               
   319 x[1,5,6,4]                  0             0               
   320 x[1,6,6,4]                  0             0               
   321 x[2,1,6,5]                  0             0               
   322 x[3,1,6,5]                  0             0               
   323 x[4,1,6,5]                  0             0               
   324 x[5,1,6,5]                  0             0               
   325 x[6,1,6,5]                  0             0               
   326 x[1,2,6,5]                  0             0               
   327 x[1,3,6,5]                  0             0               
   328 x[1,4,6,5]                  0             0               
   329 x[1,5,6,5]                  0             0               
   330 x[1,6,6,5]                  0             0               
   331 x[3,2,1,2]                  0             0               
   332 x[4,2,1,2]                 83             0               
   333 x[5,2,1,2]                  0             0               
   334 x[6,2,1,2]                  0             0               
   335 x[2,3,1,2]                  0             0               
   336 x[2,4,1,2]                  0             0               
   337 x[2,5,1,2]                  0             0               
   338 x[2,6,1,2]                  0             0               
   339 x[3,2,1,3]                  0             0               
   340 x[4,2,1,3]                  0             0               
   341 x[5,2,1,3]                  0             0               
   342 x[6,2,1,3]                  0             0               
   343 x[2,3,1,3]                  0             0               
   344 x[2,4,1,3]                  0             0               
   345 x[2,5,1,3]                  0             0               
   346 x[2,6,1,3]                  0             0               
   347 x[3,2,1,4]                  0             0               
   348 x[4,2,1,4]                  0             0               
   349 x[5,2,1,4]                  0             0               
   350 x[6,2,1,4]                  0             0               
   351 x[2,3,1,4]                  0             0               
   352 x[2,4,1,4]                  0             0               
   353 x[2,5,1,4]                  0             0               
   354 x[2,6,1,4]                  0             0               
   355 x[3,2,1,5]                  0             0               
   356 x[4,2,1,5]                  0             0               
   357 x[5,2,1,5]                  0             0               
   358 x[6,2,1,5]                  0             0               
   359 x[2,3,1,5]                  0             0               
   360 x[2,4,1,5]                  0             0               
   361 x[2,5,1,5]                  0             0               
   362 x[2,6,1,5]                  0             0               
   363 x[3,2,1,6]                  0             0               
   364 x[4,2,1,6]                  0             0               
   365 x[5,2,1,6]                  0             0               
   366 x[6,2,1,6]                  0             0               
   367 x[2,3,1,6]                  0             0               
   368 x[2,4,1,6]                  0             0               
   369 x[2,5,1,6]                  0             0               
   370 x[2,6,1,6]                  0             0               
   371 x[3,2,2,1]                  0             0               
   372 x[4,2,2,1]                  0             0               
   373 x[5,2,2,1]                  0             0               
   374 x[6,2,2,1]                  0             0               
   375 x[2,3,2,1]                  0             0               
   376 x[2,4,2,1]                102             0               
   377 x[2,5,2,1]                  0             0               
   378 x[2,6,2,1]                  0             0               
   379 x[3,2,2,3]                  0             0               
   380 x[4,2,2,3]                  0             0               
   381 x[5,2,2,3]                  0             0               
   382 x[6,2,2,3]                  0             0               
   383 x[2,3,2,3]                193             0               
   384 x[2,4,2,3]                  0             0               
   385 x[2,5,2,3]                  0             0               
   386 x[2,6,2,3]                  0             0               
   387 x[3,2,2,4]                  0             0               
   388 x[4,2,2,4]                  0             0               
   389 x[5,2,2,4]                  0             0               
   390 x[6,2,2,4]                  0             0               
   391 x[2,3,2,4]                  0             0               
   392 x[2,4,2,4]                243             0               
   393 x[2,5,2,4]                  0             0               
   394 x[2,6,2,4]                  0             0               
   395 x[3,2,2,5]                  0             0               
   396 x[4,2,2,5]                  0             0               
   397 x[5,2,2,5]                  0             0               
   398 x[6,2,2,5]                  0             0               
   399 x[2,3,2,5]                  0             0               
   400 x[2,4,2,5]                  0             0               
   401 x[2,5,2,5]                141             0               
   402 x[2,6,2,5]                  0             0               
   403 x[3,2,2,6]                  0             0               
   404 x[4,2,2,6]                  0             0               
   405 x[5,2,2,6]                  0             0               
   406 x[6,2,2,6]                  0             0               
   407 x[2,3,2,6]                  0             0               
   408 x[2,4,2,6]                145             0               
   409 x[2,5,2,6]                  0             0               
   410 x[2,6,2,6]                  0             0               
   411 x[3,2,3,1]                 24             0               
   412 x[4,2,3,1]                  0             0               
   413 x[5,2,3,1]                  0             0               
   414 x[6,2,3,1]                  0             0               
   415 x[2,3,3,1]                  0             0               
   416 x[2,4,3,1]                 24             0               
   417 x[2,5,3,1]                  0             0               
   418 x[2,6,3,1]                  0             0               
   419 x[3,2,3,2]                178             0               
   420 x[4,2,3,2]                  0             0               
   421 x[5,2,3,2]                  0             0               
   422 x[6,2,3,2]                  0             0               
   423 x[2,3,3,2]                  0             0               
   424 x[2,4,3,2]                  0             0               
   425 x[2,5,3,2]                  0             0               
   426 x[2,6,3,2]                  0             0               
   427 x[3,2,3,4]                218             0               
   428 x[4,2,3,4]                  0             0               
   429 x[5,2,3,4]                  0             0               
   430 x[6,2,3,4]                  0             0               
   431 x[2,3,3,4]                  0             0               
   432 x[2,4,3,4]                218             0               
   433 x[2,5,3,4]                  0             0               
   434 x[2,6,3,4]                  0             0               
   435 x[3,2,3,5]                142             0               
   436 x[4,2,3,5]                  0             0               
   437 x[5,2,3,5]                  0             0               
   438 x[6,2,3,5]                  0             0               
   439 x[2,3,3,5]                  0             0               
   440 x[2,4,3,5]                  0             0               
   441 x[2,5,3,5]                142             0               
   442 x[2,6,3,5]                  0             0               
   443 x[3,2,3,6]                 72             0               
   444 x[4,2,3,6]                  0             0               
   445 x[5,2,3,6]                  0             0               
   446 x[6,2,3,6]                  0             0               
   447 x[2,3,3,6]                  0             0               
   448 x[2,4,3,6]                 72             0               
   449 x[2,5,3,6]                  0             0               
   450 x[2,6,3,6]                  0             0               
   451 x[3,2,4,1]                  0             0               
   452 x[4,2,4,1]                  0             0               
   453 x[5,2,4,1]                  0             0               
   454 x[6,2,4,1]                  0             0               
   455 x[2,3,4,1]                  0             0               
   456 x[2,4,4,1]                  0             0               
   457 x[2,5,4,1]                  0             0               
   458 x[2,6,4,1]                  0             0               
   459 x[3,2,4,2]                  0             0               
   460 x[4,2,4,2]                352             0               
   461 x[5,2,4,2]                  0             0               
   462 x[6,2,4,2]                  0             0               
   463 x[2,3,4,2]                  0             0               
   464 x[2,4,4,2]                  0             0               
   465 x[2,5,4,2]                  0             0               
   466 x[2,6,4,2]                  0             0               
   467 x[3,2,4,3]                  0             0               
   468 x[4,2,4,3]                  0             0               
   469 x[5,2,4,3]                  0             0               
   470 x[6,2,4,3]                  0             0               
   471 x[2,3,4,3]                  0             0               
   472 x[2,4,4,3]                  0             0               
   473 x[2,5,4,3]                  0             0               
   474 x[2,6,4,3]                  0             0               
   475 x[3,2,4,5]                  0             0               
   476 x[4,2,4,5]                  0             0               
   477 x[5,2,4,5]                  0             0               
   478 x[6,2,4,5]                  0             0               
   479 x[2,3,4,5]                  0             0               
   480 x[2,4,4,5]                  0             0               
   481 x[2,5,4,5]                  0             0               
   482 x[2,6,4,5]                  0             0               
   483 x[3,2,4,6]                  0             0               
   484 x[4,2,4,6]                  0             0               
   485 x[5,2,4,6]                  0             0               
   486 x[6,2,4,6]                  0             0               
   487 x[2,3,4,6]                  0             0               
   488 x[2,4,4,6]                  0             0               
   489 x[2,5,4,6]                  0             0               
   490 x[2,6,4,6]                  0             0               
   491 x[3,2,5,1]                  0             0               
   492 x[4,2,5,1]                  0             0               
   493 x[5,2,5,1]                  0             0               
   494 x[6,2,5,1]                  0             0               
   495 x[2,3,5,1]                  0             0               
   496 x[2,4,5,1]                  0             0               
   497 x[2,5,5,1]                  0             0               
   498 x[2,6,5,1]                  0             0               
   499 x[3,2,5,2]                  0             0               
   500 x[4,2,5,2]                  0             0               
   501 x[5,2,5,2]                215             0               
   502 x[6,2,5,2]                  0             0               
   503 x[2,3,5,2]                  0             0               
   504 x[2,4,5,2]                  0             0               
   505 x[2,5,5,2]                  0             0               
   506 x[2,6,5,2]                  0             0               
   507 x[3,2,5,3]                  0             0               
   508 x[4,2,5,3]                  0             0               
   509 x[5,2,5,3]                164             0               
   510 x[6,2,5,3]                  0             0               
   511 x[2,3,5,3]                164             0               
   512 x[2,4,5,3]                  0             0               
   513 x[2,5,5,3]                  0             0               
   514 x[2,6,5,3]                  0             0               
   515 x[3,2,5,4]                  0             0               
   516 x[4,2,5,4]                  0             0               
   517 x[5,2,5,4]                  0             0               
   518 x[6,2,5,4]                  0             0               
   519 x[2,3,5,4]                  0             0               
   520 x[2,4,5,4]                  0             0               
   521 x[2,5,5,4]                  0             0               
   522 x[2,6,5,4]                  0             0               
   523 x[3,2,5,6]                  0             0               
   524 x[4,2,5,6]                  0             0               
   525 x[5,2,5,6]                  0             0               
   526 x[6,2,5,6]                  0             0               
   527 x[2,3,5,6]                  0             0               
   528 x[2,4,5,6]                  0             0               
   529 x[2,5,5,6]                  0             0               
   530 x[2,6,5,6]                  0             0               
   531 x[3,2,6,1]                  0             0               
   532 x[4,2,6,1]                  0             0               
   533 x[5,2,6,1]                  0             0               
   534 x[6,2,6,1]                  0             0               
   535 x[2,3,6,1]                  0             0               
   536 x[2,4,6,1]                  0             0               
   537 x[2,5,6,1]                  0             0               
   538 x[2,6,6,1]                  0             0               
   539 x[3,2,6,2]                  0             0               
   540 x[4,2,6,2]                  0             0               
   541 x[5,2,6,2]                  0             0               
   542 x[6,2,6,2]                375             0               
   543 x[2,3,6,2]                  0             0               
   544 x[2,4,6,2]                  0             0               
   545 x[2,5,6,2]                  0             0               
   546 x[2,6,6,2]                  0             0               
   547 x[3,2,6,3]                  0             0               
   548 x[4,2,6,3]                  0             0               
   549 x[5,2,6,3]                  0             0               
   550 x[6,2,6,3]                367             0               
   551 x[2,3,6,3]                367             0               
   552 x[2,4,6,3]                  0             0               
   553 x[2,5,6,3]                  0             0               
   554 x[2,6,6,3]                  0             0               
   555 x[3,2,6,4]                  0             0               
   556 x[4,2,6,4]                  0             0               
   557 x[5,2,6,4]                  0             0               
   558 x[6,2,6,4]                  0             0               
   559 x[2,3,6,4]                  0             0               
   560 x[2,4,6,4]                  0             0               
   561 x[2,5,6,4]                  0             0               
   562 x[2,6,6,4]                  0             0               
   563 x[3,2,6,5]                  0             0               
   564 x[4,2,6,5]                  0             0               
   565 x[5,2,6,5]                  0             0               
   566 x[6,2,6,5]                  0             0               
   567 x[2,3,6,5]                  0             0               
   568 x[2,4,6,5]                  0             0               
   569 x[2,5,6,5]                  0             0               
   570 x[2,6,6,5]                  0             0               
   571 x[4,3,1,2]                  0             0               
   572 x[5,3,1,2]                  0             0               
   573 x[6,3,1,2]                  0             0               
   574 x[3,4,1,2]                  0             0               
   575 x[3,5,1,2]                  0             0               
   576 x[3,6,1,2]                  0             0               
   577 x[4,3,1,3]                112             0               
   578 x[5,3,1,3]                  0             0               
   579 x[6,3,1,3]                  0             0               
   580 x[3,4,1,3]                  0             0               
   581 x[3,5,1,3]                  0             0               
   582 x[3,6,1,3]                  0             0               
   583 x[4,3,1,4]                  0             0               
   584 x[5,3,1,4]                  0             0               
   585 x[6,3,1,4]                  0             0               
   586 x[3,4,1,4]                  0             0               
   587 x[3,5,1,4]                  0             0               
   588 x[3,6,1,4]                  0             0               
   589 x[4,3,1,5]                  0             0               
   590 x[5,3,1,5]                  0             0               
   591 x[6,3,1,5]                  0             0               
   592 x[3,4,1,5]                  0             0               
   593 x[3,5,1,5]                  0             0               
   594 x[3,6,1,5]                  0             0               
   595 x[4,3,1,6]                  0             0               
   596 x[5,3,1,6]                  0             0               
   597 x[6,3,1,6]                  0             0               
   598 x[3,4,1,6]                  0             0               
   599 x[3,5,1,6]                  0             0               
   600 x[3,6,1,6]                  0             0               
   601 x[4,3,2,1]                  0             0               
   602 x[5,3,2,1]                  0             0               
   603 x[6,3,2,1]                  0             0               
   604 x[3,4,2,1]                  0             0               
   605 x[3,5,2,1]                  0             0               
   606 x[3,6,2,1]                  0             0               
   607 x[4,3,2,3]                  0             0               
   608 x[5,3,2,3]                  0             0               
   609 x[6,3,2,3]                  0             0               
   610 x[3,4,2,3]                  0             0               
   611 x[3,5,2,3]                  0             0               
   612 x[3,6,2,3]                  0             0               
   613 x[4,3,2,4]                  0             0               
   614 x[5,3,2,4]                  0             0               
   615 x[6,3,2,4]                  0             0               
   616 x[3,4,2,4]                  0             0               
   617 x[3,5,2,4]                  0             0               
   618 x[3,6,2,4]                  0             0               
   619 x[4,3,2,5]                  0             0               
   620 x[5,3,2,5]                  0             0               
   621 x[6,3,2,5]                  0             0               
   622 x[3,4,2,5]                  0             0               
   623 x[3,5,2,5]                  0             0               
   624 x[3,6,2,5]                  0             0               
   625 x[4,3,2,6]                  0             0               
   626 x[5,3,2,6]                  0             0               
   627 x[6,3,2,6]                  0             0               
   628 x[3,4,2,6]                  0             0               
   629 x[3,5,2,6]                  0             0               
   630 x[3,6,2,6]                  0             0               
   631 x[4,3,3,1]                  0             0               
   632 x[5,3,3,1]                  0             0               
   633 x[6,3,3,1]                  0             0               
   634 x[3,4,3,1]                  0             0               
   635 x[3,5,3,1]                  0             0               
   636 x[3,6,3,1]                  0             0               
   637 x[4,3,3,2]                  0             0               
   638 x[5,3,3,2]                  0             0               
   639 x[6,3,3,2]                  0             0               
   640 x[3,4,3,2]                  0             0               
   641 x[3,5,3,2]                  0             0               
   642 x[3,6,3,2]                  0             0               
   643 x[4,3,3,4]                  0             0               
   644 x[5,3,3,4]                  0             0               
   645 x[6,3,3,4]                  0             0               
   646 x[3,4,3,4]                  0             0               
   647 x[3,5,3,4]                  0             0               
   648 x[3,6,3,4]                  0             0               
   649 x[4,3,3,5]                  0             0               
   650 x[5,3,3,5]                  0             0               
   651 x[6,3,3,5]                  0             0               
   652 x[3,4,3,5]                  0             0               
   653 x[3,5,3,5]                  0             0               
   654 x[3,6,3,5]                  0             0               
   655 x[4,3,3,6]                  0             0               
   656 x[5,3,3,6]                  0             0               
   657 x[6,3,3,6]                  0             0               
   658 x[3,4,3,6]                  0             0               
   659 x[3,5,3,6]                  0             0               
   660 x[3,6,3,6]                  0             0               
   661 x[4,3,4,1]                  0             0               
   662 x[5,3,4,1]                  0             0               
   663 x[6,3,4,1]                  0             0               
   664 x[3,4,4,1]                  0             0               
   665 x[3,5,4,1]                  0             0               
   666 x[3,6,4,1]                  0             0               
   667 x[4,3,4,2]                  0             0               
   668 x[5,3,4,2]                  0             0               
   669 x[6,3,4,2]                  0             0               
   670 x[3,4,4,2]                  0             0               
   671 x[3,5,4,2]                  0             0               
   672 x[3,6,4,2]                  0             0               
   673 x[4,3,4,3]                428             0               
   674 x[5,3,4,3]                  0             0               
   675 x[6,3,4,3]                  0             0               
   676 x[3,4,4,3]                  0             0               
   677 x[3,5,4,3]                  0             0               
   678 x[3,6,4,3]                  0             0               
   679 x[4,3,4,5]                  0             0               
   680 x[5,3,4,5]                  0             0               
   681 x[6,3,4,5]                  0             0               
   682 x[3,4,4,5]                  0             0               
   683 x[3,5,4,5]                  0             0               
   684 x[3,6,4,5]                  0             0               
   685 x[4,3,4,6]                  0             0               
   686 x[5,3,4,6]                  0             0               
   687 x[6,3,4,6]                  0             0               
   688 x[3,4,4,6]                  0             0               
   689 x[3,5,4,6]                  0             0               
   690 x[3,6,4,6]                  0             0               
   691 x[4,3,5,1]                  0             0               
   692 x[5,3,5,1]                  0             0               
   693 x[6,3,5,1]                  0             0               
   694 x[3,4,5,1]                  0             0               
   695 x[3,5,5,1]                  0             0               
   696 x[3,6,5,1]                  0             0               
   697 x[4,3,5,2]                  0             0               
   698 x[5,3,5,2]                  0             0               
   699 x[6,3,5,2]                  0             0               
   700 x[3,4,5,2]                  0             0               
   701 x[3,5,5,2]                  0             0               
   702 x[3,6,5,2]                  0             0               
   703 x[4,3,5,3]                  0             0               
   704 x[5,3,5,3]                  0             0               
   705 x[6,3,5,3]                  0             0               
   706 x[3,4,5,3]                  0             0               
   707 x[3,5,5,3]                  0             0               
   708 x[3,6,5,3]                  0             0               
   709 x[4,3,5,4]                  0             0               
   710 x[5,3,5,4]                  0             0               
   711 x[6,3,5,4]                  0             0               
   712 x[3,4,5,4]                  0             0               
   713 x[3,5,5,4]                  0             0               
   714 x[3,6,5,4]                  0             0               
   715 x[4,3,5,6]                  0             0               
   716 x[5,3,5,6]                  0             0               
   717 x[6,3,5,6]                  0             0               
   718 x[3,4,5,6]                  0             0               
   719 x[3,5,5,6]                  0             0               
   720 x[3,6,5,6]                  0             0               
   721 x[4,3,6,1]                  0             0               
   722 x[5,3,6,1]                  0             0               
   723 x[6,3,6,1]                  0             0               
   724 x[3,4,6,1]                  0             0               
   725 x[3,5,6,1]                  0             0               
   726 x[3,6,6,1]                  0             0               
   727 x[4,3,6,2]                  0             0               
   728 x[5,3,6,2]                  0             0               
   729 x[6,3,6,2]                  0             0               
   730 x[3,4,6,2]                  0             0               
   731 x[3,5,6,2]                  0             0               
   732 x[3,6,6,2]                  0             0               
   733 x[4,3,6,3]                  0             0               
   734 x[5,3,6,3]                  0             0               
   735 x[6,3,6,3]                  0             0               
   736 x[3,4,6,3]                  0             0               
   737 x[3,5,6,3]                  0             0               
   738 x[3,6,6,3]                  0             0               
   739 x[4,3,6,4]                  0             0               
   740 x[5,3,6,4]                  0             0               
   741 x[6,3,6,4]                  0             0               
   742 x[3,4,6,4]                  0             0               
   743 x[3,5,6,4]                  0             0               
   744 x[3,6,6,4]                  0             0               
   745 x[4,3,6,5]                  0             0               
   746 x[5,3,6,5]                  0             0               
   747 x[6,3,6,5]                  0             0               
   748 x[3,4,6,5]                  0             0               
   749 x[3,5,6,5]                  0             0               
   750 x[3,6,6,5]                  0             0               
   751 x[5,4,1,2]                  0             0               
   752 x[6,4,1,2]                  0             0               
   753 x[4,5,1,2]                  0             0               
   754 x[4,6,1,2]                  0             0               
   755 x[5,4,1,3]                  0             0               
   756 x[6,4,1,3]                  0             0               
   757 x[4,5,1,3]                  0             0               
   758 x[4,6,1,3]                  0             0               
   759 x[5,4,1,4]                  0             0               
   760 x[6,4,1,4]                  0             0               
   761 x[4,5,1,4]                  0             0               
   762 x[4,6,1,4]                  0             0               
   763 x[5,4,1,5]                  0             0               
   764 x[6,4,1,5]                  0             0               
   765 x[4,5,1,5]                  0             0               
   766 x[4,6,1,5]                  0             0               
   767 x[5,4,1,6]                  0             0               
   768 x[6,4,1,6]                  0             0               
   769 x[4,5,1,6]                  0             0               
   770 x[4,6,1,6]                  0             0               
   771 x[5,4,2,1]                  0             0               
   772 x[6,4,2,1]                  0             0               
   773 x[4,5,2,1]                  0             0               
   774 x[4,6,2,1]                  0             0               
   775 x[5,4,2,3]                  0             0               
   776 x[6,4,2,3]                  0             0               
   777 x[4,5,2,3]                  0             0               
   778 x[4,6,2,3]                  0             0               
   779 x[5,4,2,4]                  0             0               
   780 x[6,4,2,4]                  0             0               
   781 x[4,5,2,4]                  0             0               
   782 x[4,6,2,4]                  0             0               
   783 x[5,4,2,5]                  0             0               
   784 x[6,4,2,5]                  0             0               
   785 x[4,5,2,5]                  0             0               
   786 x[4,6,2,5]                  0             0               
   787 x[5,4,2,6]                  0             0               
   788 x[6,4,2,6]                  0             0               
   789 x[4,5,2,6]                  0             0               
   790 x[4,6,2,6]                145             0               
   791 x[5,4,3,1]                  0             0               
   792 x[6,4,3,1]                  0             0               
   793 x[4,5,3,1]                  0             0               
   794 x[4,6,3,1]                  0             0               
   795 x[5,4,3,2]                  0             0               
   796 x[6,4,3,2]                  0             0               
   797 x[4,5,3,2]                  0             0               
   798 x[4,6,3,2]                  0             0               
   799 x[5,4,3,4]                  0             0               
   800 x[6,4,3,4]                  0             0               
   801 x[4,5,3,4]                  0             0               
   802 x[4,6,3,4]                  0             0               
   803 x[5,4,3,5]                  0             0               
   804 x[6,4,3,5]                  0             0               
   805 x[4,5,3,5]                  0             0               
   806 x[4,6,3,5]                  0             0               
   807 x[5,4,3,6]                  0             0               
   808 x[6,4,3,6]                  0             0               
   809 x[4,5,3,6]                  0             0               
   810 x[4,6,3,6]                 72             0               
   811 x[5,4,4,1]                  0             0               
   812 x[6,4,4,1]                  0             0               
   813 x[4,5,4,1]                  0             0               
   814 x[4,6,4,1]                  0             0               
   815 x[5,4,4,2]                  0             0               
   816 x[6,4,4,2]                  0             0               
   817 x[4,5,4,2]                  0             0               
   818 x[4,6,4,2]                  0             0               
   819 x[5,4,4,3]                  0             0               
   820 x[6,4,4,3]                  0             0               
   821 x[4,5,4,3]                  0             0               
   822 x[4,6,4,3]                  0             0               
   823 x[5,4,4,5]                  0             0               
   824 x[6,4,4,5]                  0             0               
   825 x[4,5,4,5]                247             0               
   826 x[4,6,4,5]                  0             0               
   827 x[5,4,4,6]                  0             0               
   828 x[6,4,4,6]                  0             0               
   829 x[4,5,4,6]                  0             0               
   830 x[4,6,4,6]                217             0               
   831 x[5,4,5,1]                  0             0               
   832 x[6,4,5,1]                  0             0               
   833 x[4,5,5,1]                  0             0               
   834 x[4,6,5,1]                  0             0               
   835 x[5,4,5,2]                  0             0               
   836 x[6,4,5,2]                  0             0               
   837 x[4,5,5,2]                  0             0               
   838 x[4,6,5,2]                  0             0               
   839 x[5,4,5,3]                  0             0               
   840 x[6,4,5,3]                  0             0               
   841 x[4,5,5,3]                  0             0               
   842 x[4,6,5,3]                  0             0               
   843 x[5,4,5,4]                859             0               
   844 x[6,4,5,4]                  0             0               
   845 x[4,5,5,4]                  0             0               
   846 x[4,6,5,4]                  0             0               
   847 x[5,4,5,6]                  0             0               
   848 x[6,4,5,6]                  0             0               
   849 x[4,5,5,6]                  0             0               
   850 x[4,6,5,6]                  0             0               
   851 x[5,4,6,1]                  0             0               
   852 x[6,4,6,1]                  0             0               
   853 x[4,5,6,1]                  0             0               
   854 x[4,6,6,1]                  0             0               
   855 x[5,4,6,2]                  0             0               
   856 x[6,4,6,2]                  0             0               
   857 x[4,5,6,2]                  0             0               
   858 x[4,6,6,2]                  0             0               
   859 x[5,4,6,3]                  0             0               
   860 x[6,4,6,3]                  0             0               
   861 x[4,5,6,3]                  0             0               
   862 x[4,6,6,3]                  0             0               
   863 x[5,4,6,4]                  0             0               
   864 x[6,4,6,4]                404             0               
   865 x[4,5,6,4]                  0             0               
   866 x[4,6,6,4]                  0             0               
   867 x[5,4,6,5]                  0             0               
   868 x[6,4,6,5]                  0             0               
   869 x[4,5,6,5]                  0             0               
   870 x[4,6,6,5]                  0             0               
   871 x[6,5,1,2]                  0             0               
   872 x[5,6,1,2]                  0             0               
   873 x[6,5,1,3]                  0             0               
   874 x[5,6,1,3]                  0             0               
   875 x[6,5,1,4]                  0             0               
   876 x[5,6,1,4]                  0             0               
   877 x[6,5,1,5]                 24             0               
   878 x[5,6,1,5]                  0             0               
   879 x[6,5,1,6]                  0             0               
   880 x[5,6,1,6]                  0             0               
   881 x[6,5,2,1]                  0             0               
   882 x[5,6,2,1]                  0             0               
   883 x[6,5,2,3]                  0             0               
   884 x[5,6,2,3]                  0             0               
   885 x[6,5,2,4]                  0             0               
   886 x[5,6,2,4]                  0             0               
   887 x[6,5,2,5]                  0             0               
   888 x[5,6,2,5]                  0             0               
   889 x[6,5,2,6]                  0             0               
   890 x[5,6,2,6]                  0             0               
   891 x[6,5,3,1]                  0             0               
   892 x[5,6,3,1]                  0             0               
   893 x[6,5,3,2]                  0             0               
   894 x[5,6,3,2]                  0             0               
   895 x[6,5,3,4]                  0             0               
   896 x[5,6,3,4]                  0             0               
   897 x[6,5,3,5]                  0             0               
   898 x[5,6,3,5]                  0             0               
   899 x[6,5,3,6]                  0             0               
   900 x[5,6,3,6]                  0             0               
   901 x[6,5,4,1]                  0             0               
   902 x[5,6,4,1]                  0             0               
   903 x[6,5,4,2]                  0             0               
   904 x[5,6,4,2]                  0             0               
   905 x[6,5,4,3]                  0             0               
   906 x[5,6,4,3]                  0             0               
   907 x[6,5,4,5]                  0             0               
   908 x[5,6,4,5]                  0             0               
   909 x[6,5,4,6]                  0             0               
   910 x[5,6,4,6]                  0             0               
   911 x[6,5,5,1]                  0             0               
   912 x[5,6,5,1]                 75             0               
   913 x[6,5,5,2]                  0             0               
   914 x[5,6,5,2]                  0             0               
   915 x[6,5,5,3]                  0             0               
   916 x[5,6,5,3]                  0             0               
   917 x[6,5,5,4]                  0             0               
   918 x[5,6,5,4]                  0             0               
   919 x[6,5,5,6]                  0             0               
   920 x[5,6,5,6]                 54             0               
   921 x[6,5,6,1]                  0             0               
   922 x[5,6,6,1]                  0             0               
   923 x[6,5,6,2]                  0             0               
   924 x[5,6,6,2]                  0             0               
   925 x[6,5,6,3]                  0             0               
   926 x[5,6,6,3]                  0             0               
   927 x[6,5,6,4]                  0             0               
   928 x[5,6,6,4]                  0             0               
   929 x[6,5,6,5]                 10             0               
   930 x[5,6,6,5]                  0             0               

Integer feasibility conditions:

KKT.PE: max.abs.err = 0.00e+00 on row 0
        max.rel.err = 0.00e+00 on row 0
        High quality

KKT.PB: max.abs.err = 0.00e+00 on row 0
        max.rel.err = 0.00e+00 on row 0
        High quality

End of output
